机械臂坐标与像素坐标转换矩阵关系：
A:0.0624566
B:0.000589549
C:-16.4866
D:-0.000575915
E:0.0629894
F:-6.18201
